1230012 N 45000.000000 2250.000000 51975.000000
1230014 N 63000.000000 3150.000000 72765.000000
1230015 N 45000.000000 2250.000000 51975.000000
1230016 N 45000.000000 2250.000000 51975.000000
1230018 N 63000.000000 3150.000000 72765.000000
1230019 N 36000.000000 1800.000000 41580.000000
1230020 N 45000.000000 2250.000000 51975.000000
1230022 N 45000.000000 2250.000000 51975.000000
1230023 N 45000.000000 2250.000000 51975.000000
1230024 P 9600.000000 0.000000 10560.000000
1230025 N 63000.000000 3150.000000 72765.000000
1230026 N 36000.000000 1800.000000 41580.000000
1230028 N 45000.000000 2250.000000 51975.000000
1230029 N 45000.000000 2250.000000 51975.000000
1230030 N 63000.000000 3150.000000 72765.000000
1230031 N 57600.000000 2880.000000 66528.000000
1230032 N 45000.000000 2250.000000 51975.000000
1230034 N 45000.000000 2250.000000 51975.000000
1230035 N 45000.000000 2250.000000 51975.000000
1230036 P 11000.000000 0.000000 12100.000000
1230037 N 45000.000000 2250.000000 51975.000000
1230038 N 45000.000000 2250.000000 51975.000000
1230040 N 45000.000000 2250.000000 51975.000000
1230041 N 55800.000000 2790.000000 64449.000000
1230042 N 48600.000000 2430.000000 56133.000000
1230044 N 45000.000000 2250.000000 51975.000000
1230045 P 13200.000000 0.000000 14520.000000
1230046 N 43200.000000 2160.000000 49896.000000
